europe = { # Pyandonea
	provinces = {
		2051 7607 2084 2096 2061 1558 7639 1562 222 223 241 7636 214 2068 7618 2069 217 2073 244 2057 2066 2030 7625 7637 7643 233 2045 7630 215 7647 1555 213 2091 1554 2019 7609 2074 2099 2056 2060 7909 7911 1551 221 2072 2093 209 2042 2092 2044 2018 7640 2104 2046 2017 2089 7616 2043 7627 2011 2009 2105 7628 2083 2079 7642 2086 2027 2014 2065 7624 2064 2032 2062 2082 2047 218 7626 226 7631 2012 2101 7613 234 2024 2022 2034 2007 2071 7620 237 2097 2067 2058 7610 7621 7617 2054 7638 2102 230 2023 2077 2038 2005 7645 2015 7606 239 7646 2055 2020 2026 238 1563 7644 2033 211 1564 219 2088 2039 2021 245 2028 7641 7635 2095 2006 7907 2076 236 1552 2010 2090 2070 2050 1557 229 7648 1561 235 2008 2078 2094 220 1553 7910 7614 2080 2035 2016 210 7632 1559 7623 231 2103 7612 240 2048 7619 2037 227 7615 2098 2075 2036 2087 2053 228 2081 232 2059 2100 224 225 7611 2049 1556 2085 2013 7912 2029 2031 2063 1560 7622 2052 212 2025 7608 2041 7629 216 7908 2040 7634
	}
}
asia = { # Yokuda
	provinces = {
		8299 8300 9549 9583 3447 9550 2131 2133 2179 2271 9566 346 9570 2111 9541 2165 3445 2125 2140 1849 2114 2126 2159 3470 2171 3449 8106 9581 2144 2180 9569 9579 9553 9582 324 119 3155 3462 9577 3892 323 273 2172 9562 9576 2138 9560 2153 327 2162 9529 2110 2842 4165 2112 3461 9540 2143 9557 9528 8109 2117 3458 2142 2127 3442 3151 3467 2158 9568 330 3451 332 9525 3452 9537 3446 2116 4155 86 172 4166 2184 4159 9551 9543 9558 2113 3158 2157 2793 2123 329 2176 2145 2148 2170 3455 2160 3463 3453 8107 9555 320 2167 9564 3450 60 340 326 2128 2168 8302 175 3159 9587 351 3153 333 2120 2183 2134 2107 2115 2161 9563 4163 2149 4167 2141 285 2124 2152 8301 2173 2164 3454 9542 354 9580 345 9527 319 9552 9561 349 3152 2174 2106 3459 9544 9547 2109 2135 2154 9586 344 347 338 352 9585 3465 8110 2119 3469 9539 9573 9554 9588 2169 2136 2175 343 9584 331 337 318 3146 2132 9545 3157 353 3156 2178 3460 388 3448 355 3457 3456 2852 3464 2146 3444 149 2130 3443 9526 9571 348 9575 2182 3441 2139 9578 2121 2163 2155 8108 350 335 2147 9572 400 150 2177 2137 3468 9565 322 2151 9530 2166 339 8298 2156 114 8297 2122 321 9546 325 341 2181 9538 2118 334 8303 336 2129 8111 2150 9559 3466 328 9567 342 286 9556 3154 2108 9574 9548
	}
}
africa = { # Atmora
	provinces = {
		8083 2251 4148 4191 407 2249 2456 2322 2187 432 414 1568 2293 9678 476 2255 2254 2220 429 2331 387 8084 1985 2238 2294 2472 485 2198 2279 2233 486 2340 2502 383 8291 2213 2273 384 372 8274 2329 2243 358 1572 2298 463 391 448 375 2451 2488 2226 2504 2211 430 411 361 8080 408 2471 1573 487 2503 9605 2459 2230 373 2514 2222 2195 483 2217 481 9679 2337 465 2500 8079 1569 2197 2250 2453 8286 2342 2288 406 2506 8285 2215 8280 2328 2210 8292 2287 356 4199 2235 2204 2224 2188 1536 2257 489 4150 415 2245 4142 362 2327 2305 2275 4146 390 2259 2332 2501 8283 2186 2194 2344 426 427 2193 3862 2234 2510 370 2225 8275 2248 2474 2330 1570 2306 2228 2343 4196 2289 2470 378 2218 8279 428 8293 2881 366 2202 2221 2229 365 2347 2253 2201 2455 8082 2237 2512 2886 464 2334 2487 1565 2508 2284 9677 2212 8273 402 2300 369 2282 2214 2894 1537 479 433 2189 8088 2200 2887 392 2190 357 4145 446 2241 386 431 1575 385 2345 9604 2473 2308 2239 4149 2191 2302 9685 2509 363 2196 2281 434 4195 449 393 2882 2296 2450 2242 2336 2208 1574 2246 2338 2205 2513 2458 2341 2489 2333 2277 2307 2227 2457 1571 2339 2299 2280 8290 374 9680 2240 9602 2295 2486 8276 2323 412 8085 478 477 2223 8086 2454 380 2256 2303 8284 1576 4147 8278 2292 2207 1566 8277 368 2206 403 2290 2321 394 2291 377 381 2231 9603 395 4144 2505 4198 8089 484 2900 2258 8087 4192 2270 2297 488 8294 2219 2346 2272 2507 2278 2325 409 2185 2252 376 2283 2326 2247 2335 359 1567 2244 360 2309 2232 2304 2274 413 2320 379 2348 389 2511 410 2883 480 2349 447 382 2236 1535 2276 2301 2286 8081 367 435 2285 482 2199 450 371 462 2216 2209 490 364 8281 2203 2452 2192 2324
	}
}
north_america = { # Akavir
	provinces = {
		1577 1692 2662 1598 506 1814 3563 2626 3603 4334 2595 7812 660 7663 7865 1611 4184 7698 1708 663 573 736 7866 2646 750 3539 2621 1812 1698 707 1612 1607 3638 3643 4331 3535 7679 3616 7728 3478 541 4182 498 7806 1819 4349 7793 1805 7855 619 7754 587 2607 7683 7748 7719 1664 1703 2530 1600 1760 1669 2674 7745 2640 1715 3543 2596 687 7694 1759 3540 7759 4348 3508 1735 1694 564 643 7858 7868 709 7820 3538 1779 3527 3489 7723 1793 547 727 1768 613 1777 787 1647 654 1712 2517 593 543 1627 3476 1804 7799 7939 1755 2557 7834 2601 2585 2559 4359 1785 7828 3642 3653 586 3564 2600 7786 1774 568 2673 2566 610 7661 3620 2576 4347 559 637 1695 2555 7857 2630 2544 1639 1640 1685 796 784 7768 2541 754 1610 3628 690 3578 1771 3533 694 3526 9670 3556 1657 618 7862 1667 4293 1541 4328 7809 6596 3646 634 3622 7836 1589 502 1642 1752 3656 7678 1588 493 7766 1677 1619 4343 2629 574 3561 2623 1799 9671 2644 7916 7650 766 2573 1623 1726 1744 1701 515 4329 3545 1803 719 1749 3614 3530 2653 7831 1645 2650 519 2532 518 7920 7783 569 3626 7863 7656 3504 7847 658 7696 1762 7756 576 703 1813 7869 1631 1787 623 3640 4357 2523 7701 7925 1713 4358 717 2551 2611 7775 776 1750 4336 7721 3604 3549 3635 7744 2561 7844 2552 2637 2654 2543 3586 7660 1594 807 1720 1734 503 4338 1783 747 1706 594 716 494 1590 1546 7738 733 3488 3629 1550 756 3599 1731 3565 3520 7810 3627 583 7824 7770 7725 3587 2534 7839 7867 769 802 801 3555 3487 657 1806 7707 2608 3593 767 7673 753 7667 632 2591 1739 1621 2648 603 609 2647 779 3610 732 7813 7706 7652 722 7848 7681 3569 2604 1674 3577 7670 7951 1757 739 3636 3494 588 4346 3547 1649 1807 1626 664 2516 3597 3589 7671 691 1816 764 3647 2538 9669 713 711 580 4332 4324 2556 2605 1624 7940 3550 2593 7795 2572 7913 2590 7794 1538 1683 4351 7740 7709 591 7924 1738 7690 1690 538 715 1673 1601 1544 744 3659 808 772 793 7705 7933 1652 2614 1625 621 4350 7781 3641 1789 3650 3548 8202 1746 649 2562 1599 566 783 3654 1622 2642 683 7791 1782 3573 7758 3490 7734 4181 1802 1583 3551 578 1548 1798 624 1662 760 1597 1592 552 2606 7921 3571 551 7666 1781 7749 3588 3584 7689 1655 3598 3613 611 666 7815 4300 2617 640 7703 2635 2672 7930 3633 7746 3471 7947 1646 9667 7718 7942 1815 499 631 3621 725 517 7674 7915 7826 2658 7763 737 1676 2581 7843 2663 3500 4323 7742 3499 701 2597 2531 7850 1659 7702 3560 7929 4354 7841 7773 7731 1700 718 7814 3480 7800 700 2631 1582 7651 2539 1727 7680 1740 571 2586 3473 4294 1653 2664 3495 752 3634 638 500 3576 1654 7945 3492 659 7737 3544 1710 7931 615 2575 1791 748 2563 7691 806 3596 3649 7668 800 702 2661 2521 1579 749 3570 560 626 2633 8304 4345 1543 679 3611 3515 1661 2612 7854 2565 7827 7861 1630 1730 2547 3632 546 601 584 3474 514 622 1794 3483 7946 1790 7699 557 1704 2554 1633 3605 7657 7918 1729 3631 7949 2638 746 3497 668 7724 1811 1702 1717 2579 3639 2615 698 757 3519 7822 1776 7677 1699 3546 7739 7695 1817 3505 1691 2560 2582 3510 714 1545 3537 1666 7941 3644 7716 3509 7782 1709 1602 686 7845 7633 3501 677 2587 2558 7819 720 2546 1719 2594 7788 7849 509 1584 556 4297 7711 7685 3475 7761 7693 2533 1722 1745 1539 542 508 7801 2649 3617 4339 2540 3660 1808 4187 2568 3568 7859 2667 2524 1596 1687 731 2564 3595 1761 7776 1786 604 599 4341 770 3525 7779 2536 2535 7653 1773 3523 3648 1675 3637 712 620 501 2527 1743 4168 704 782 2665 2599 2625 797 2577 1753 562 3524 1721 1656 7803 2570 2610 567 1663 628 495 7784 9666 1604 7708 644 2584 2518 1542 2669 742 553 3553 3600 2657 647 795 7802 7747 544 3559 1684 597 692 2671 689 1707 4322 696 3624 3486 581 7780 1593 589 7714 1716 665 3585 3583 2668 771 577 548 651 789 7825 726 4188 667 1788 7769 7710 7765 7654 7649 7722 1772 510 1795 4292 3484 7798 3657 794 2567 572 1650 1797 695 3606 1711 740 1614 1742 2537 1784 1547 7914 3602 1688 579 570 3615 7712 1801 7752 761 2589 3502 4321 1671 3619 7771 1591 3652 7764 3645 2613 539 7684 7944 662 3574 1634 1586 1765 7762 3566 7952 1585 2519 4356 751 7953 511 7789 2622 598 7838 614 1763 4333 4355 602 7927 2528 7772 7985 1644 2574 7767 1818 575 778 582 1679 7830 595 3558 1820 7943 616 7829 496 2603 693 1724 648 7743 7750 3491 633 535 7787 2545 2632 2628 3542 7816 1638 3655 592 2643 678 3517 1658 2583 492 798 4326 7950 2571 1609 799 7726 7669 7688 1775 1682 762 3567 3612 2580 1780 540 3579 730 558 7851 7715 1754 3528 4289 741 625 786 1581 4190 745 7687 7934 7729 545 1758 3554 7832 3511 612 7785 4340 2619 7937 7697 516 7817 3512 1766 3541 7923 3521 550 7926 2639 3507 2602 2666 7774 630 3529 642 1767 7700 2592 3557 4296 1670 706 685 596 7741 1608 565 2655 2548 3472 7922 1616 4360 7682 3591 1668 3503 735 3592 536 7665 7672 7804 680 3609 2652 7852 1697 1778 2616 1681 708 585 7807 2634 2620 653 7808 561 3623 4286 7833 4185 7655 688 1580 7735 7818 4299 7917 1764 682 1809 5451 7732 3477 1747 699 763 1689 2618 1718 7919 743 805 729 1578 3562 3496 7755 1648 512 1769 1693 3630 804 3575 7730 3516 773 3582 759 2670 555 1714 629 590 3580 2609 1605 684 2598 3658 7796 2578 1672 1606 724 728 3608 513 1756 3581 3536 1686 3513 1637 4335 650 7853 1632 2675 1737 1733 2515 2569 7790 2588 7935 3531 7948 2522 7938 1618 2679 7821 661 3625 1665 3522 9668 721 563 549 681 7686 1741 7720 504 7753 7760 1615 7932 2624 3514 1680 7659 2526 1800 9672 1678 1628 1540 3498 645 1728 1723 7733 1613 697 1796 785 1595 3552 7717 656 9673 4352 2651 2542 7692 2525 1635 7757 3479 1549 3506 639 554 537 600 7797 1705 710 652 7842 520 3534 2520 3518 2636 497 7777 723 2645 734 3481 755 7864 2529 1748 1636 2660 7811 646 7856 3485 7928 3482 7837 641 2550 7751 2553 7805 7936 7736 627 2627 7676 3493 1732 505 7662 7727 7713 3607 507 1770 2656 1651 738 1810 1620 803 3618 7823 7778 765 1643 758 1617 7860 2659 7846 1751 491 1660 7675 1725 617 3572 2549 1736 2641 1603 1641 7840 655 705 7664 3590 7704 1821 3601 1629 3532 1696 3594 635 1792 636 768 3651 7792 7658 1587
	}
}
south_america = { # Tamriel
	provinces = {
		4092 6066 4095 6442 3214 1066 941 6769 6458 4091 925 262 5775 8047 3975 1295 4784 5191 5567 2420 5801 1272 6235 7231 5694 4620 6968 3894 6715 1492 5841 1275 5429 1302 5260 2357 4649 7074 2927 7319 9621 935 5498 7112 5237 4468 1396 5321 5328 3786 4968 6812 6398 5885 3402 6902 4770 857 5592 5297 5735 4671 3957 8071 3947 5092 859 3330 6861 4629 4938 6130 5390 6832 7068 5561 4981 3199 1165 4030 4658 9488 5211 5998 7181 6599 5401 2462 5527 270 1228 4763 6799 5770 5743 7229 5153 5155 4005 5778 2817 1470 1527 5810 3432 6013 4924 5156 6928 6075 5832 1408 3817 7513 990 5331 6523 5505 5292 4991 6842 6365 5172 4219 2418 4841 5903 6346 6771 396 879 6603 5311 6471 1409 5907 1483 1037 474 6705 1406 3228 2805 6312 4224 5708 3297 7116 1462 4064 861 3785 5078 6171 6875 4699 4771 6520 460 3407 2491 3316 6680 3761 3350 3673 8045 1471 1237 4019 4681 2376 3251 2466 4213 4630 7025 3082 1033 6972 3196 928 5827 1078 7835 5749 6751 3283 3997 7206 5872 4714 7588 5225 2317 5611 5175 5265 5803 1175 4218 5724 5059 2426 3849 7238 5924 5974 1420 968 6008 3005 6401 3867 7977 7163 6367 6363 5911 5269 3084 8057 5142 3140 4802 6961 1185 4603 1264 5766 5442 6206 6283 3948 5301 5929 4078 6271 5787 8282 276 6947 6292 3414 6359 6836 3425 5069 6051 5926 3681 6116 3101 4623 6403 1306 7094 6708 2761 2448 970 3798 6683 869 4132 6480 4922 6505 6037 4051 1092 5394 2362 6953 2359 5017 3813 3788 5915 1026 7186 3395 3358 5789 5275 6446 5668 6969 4950 4175 5302 6717 5532 5995 5525 6850 3792 5286 3264 3987 2433 5032 5699 6554 4837 9452 1198 4942 1189 445 1194 3262 8237 8184 7321 5419 6852 6904 5102 3362 830 6240 3244 1093 5075 4137 8129 5550 5638 2413 1474 6611 7040 6209 2926 3129 1065 5910 8164 875 5784 6113 4177 7578 1456 3025 2948 851 2313 5261 4207 7872 6234 5641 1192 1053 6315 4235 6982 6141 6397 5873 5965 6698 3138 3323 8142 4945 2922 3790 7226 5816 1313 6752 8125 4003 1157 2419 4966 7243 7216 6260 7309 4643 6374 1204 2425 6676 8140 9437 1316 9664 1070 6691 4373 6238 6725 1459 825 5999 5938 6670 4988 7258 5987 7286 9661 5650 5790 5214 7302 3974 3294 8287 1071 4108 3338 5299 3096 3003 3837 2312 5862 5362 4139 6845 7090 312 6526 4634 8206 3329 7082 4716 3141 6939 6035 4998 3398 7142 835 871 8132 848 4722 3918 5441 6781 9684 5869 3272 1515 2374 3824 8113 3277 4031 6504 6820 3281 1085 6140 4008 6808 5923 6004 2387 1230 9439 1127 3968 6749 6888 842 1369 3202 834 1244 4126 6409 2782 1137 1528 5127 2732 7009 2788 2700 6981 5448 1356 6606 3070 5661 2806 838 7055 6851 4939 4820 3205 1294 7156 3846 2720 6518 1134 7088 6356 3018 4635 6654 5768 4788 4238 5632 1498 3377 4861 5707 4674 6881 3376 1450 5625 7316 6383 2984 6017 3265 6627 6763 6607 1164 1284 258 5028 6547 3826 6997 6441 3390 4053 1447 4257 6261 8205 3832 1166 6118 5333 915 316 1349 777 3343 5946 7239 5097 3807 2781 5186 8099 7060 1402 4022 6091 7248 438 2993 3905 5122 4692 904 4085 6410 291 4650 6072 292 1518 3667 6185 3834 7310 2449 4708 1418 6385 926 5738 6927 1270 4969 6995 3848 4615 4821 5477 3691 5533 2932 5037 1048 6122 2935 7283 6153 249 2924 6830 5374 854 9441 900 4056 4661 6644 1339 5605 6042 6571 6476 901 6508 5868 5552 7176 2461 6087 4878 6986 9614 3057 6740 7170 7991 3029 3698 6958 4042 8167 3822 6453 1373 7140 1243 6069 4834 6790 4074 7988 6484 5558 2871 6039 470 3032 2371 5648 5971 1250 3874 3924 3946 5933 5837 2963 6425 3907 6269 1074 2373 7030 5781 6079 3367 6613 5960 7213 4870 6696 4846 3392 1000 3273 2354 5291 6352 4947 4796 3777 3945 6074 2265 812 975 6598 7589 6202 5748 2971 6625 6036 6324 846 831 5116 5154 1014 1512 1208 3409 3868 4170 8004 4928 5545 3039 4061 3260 283 1107 8166 7285 5586 3930 5455 7179 6964 4760 1427 3266 5991 4751 1467 3116 8030 6200 3937 6779 5672 3287 2314 4202 4032 3386 5895 6024 4617 5443 8235 6146 1016 3978 4072 302 8155 6510 5184 5667 7015 5690 4926 3128 8133 5287 4040 4718 5404 3808 6105 4999 2475 6762 3821 2379 1348 887 1312 5706 5208 5466 1475 6494 6682 3046 6727 3936 5714 9690 5626 7161 5628 1038 4881 1417 6991 7050 2365 3085 6614 5456 3951 4762 3374 3781 6949 7266 3120 8245 8541 4869 969 4035 8002 8066 3033 4627 5889 4775 6418 1397 4985 6467 8026 6837 5364 306 878 7070 1383 7160 5519 7271 5884 4308 8163 6020 6100 5064 5024 5471 4899 5585 7297 5619 7104 4209 2393 5499 2979 6863 5015 6368 8000 4210 5258 5335 7049 7995 3237 6063 5760 5351 4925 4239 5267 3869 3119 1318 840 9449 864 1061 865 7268 6688 6311 4023 5876 259 4955 3053 7247 5861 5967 902 5307 4976 4220 8241 6012 5379 1095 6630 6915 5783 5083 5373 5989 471 6693 7318 4937 6592 1122 8177 938 5578 5955 4664 7073 7023 6770 5577 1296 6341 7152 4745 3192 304 4806 3371 4264 1382 7303 3775 7048 6908 6048 6906 1277 295 7155 8178 977 4740 6247 9619 7084 5053 6119 5534 1463 3135 7281 1150 5598 8073 9455 6954 5939 4719 4808 962 3197 5662 3935 5509 4990 2411 4946 6070 6353 5589 6059 1411 6266 5920 7201 8127 4822 8029 6857 1255 8223 7979 1504 7277 1276 5979 4944 3308 6323 5329 6027 2950 7580 4931 4366 6417 4254 8141 5276 1206 7199 5624 5642 4777 5140 5600 6274 3122 1486 8145 6384 6498 8182 2268 3420 8159 3896 1163 7871 6250 6824 6984 1234 7058 4797 4271 3076 6726 1298 849 3421 424 5025 4827 5829 7109 2717 6112 5839 886 3847 5411 913 1138 5146 4653 7079 3910 5280 6637 451 1387 7004 4707 1079 5381 6021 3114 1043 1129 5136 5764 5954 3079 6134 4133 998 3309 3339 2712 3352 4027 5712 2809 5133 7127 5010 5407 5725 5164 4717 6760 5361 1112 3335 6437 1266 3428 5842 5962 6677 4761 1036 6822 4724 6293 268 1006 4905 281 6911 5391 5430 1077 5236 5188 3876 4011 4979 781 6492 6684 2813 6032 6849 6811 6957 7972 4029 7106 5948 8059 1287 4135 3285 6618 1013 4279 6451 7237 2995 1214 6785 8010 3020 5822 7182 5681 8054 8157 3042 6149 5081 3130 4641 5232 5676 1096 3268 6371 6161 9454 5796 5298 1035 6777 6584 1205 4169 5682 8128 1513 874 4589 6591 7056 5538 1453 7036 3887 2478 3833 882 265 5797 3099 5492 6692 3201 7204 5739 5591 5143 6045 5018 6243 1405 1309 2769 7061 6049 7165 5324 5440 7267 992 3782 6229 6897 1024 6362 5557 4906 2873 3059 6819 7125 7192 9489 3278 7069 7065 5352 1307 1231 5068 4930 3307 6739 3022 5882 6665 971 6479 3806 3040 6553 3818 5170 5702 5877 4833 5458 2736 1271 1076 7250 5326 3796 417 1292 5019 3314 6873 920 2269 8486 3439 3312 3212 6432 9490 1121 5975 8189 3240 2923 5905 2874 6423 1041 5484 5583 7312 5123 5196 4013 2364 5323 5223 6776 2877 1005 5095 6956 2740 8154 3087 4886 1149 4683 2363 2315 6616 3037 5271 6817 4941 3210 5149 3110 5316 2872 272 4102 963 5922 4622 6241 3024 8036 5679 3306 7143 6787 4303 4262 5737 4736 6544 914 4887 7113 942 7586 1334 5417 3108 3056 4608 6080 8242 6301 6375 6109 2447 5940 1030 3380 4114 6724 6559 459 6431 3326 1160 7235 1241 9613 6572 5560 4246 1321 3969 8165 5666 895 6685 5665 5894 6001 2808 4694 6493 1223 4747 5854 1350 2396 5881 6807 5272 7317 6068 456 2372 4673 5487 3257 2004 4876 9446 6679 5105 1440 4996 6932 2414 6166 4915 955 4273 8041 6297 5886 1317 5461 6117 3143 2699 5030 4698 8116 1140 4063 9618 7230 4606 7246 1172 3062 8138 7245 2361 1002 5277 6136 5350 1106 5093 3888 8117 987 893 5674 6707 2818 2367 5978 4813 5927 1132 3050 7263 2994 6797 6497 965 6478 4225 7295 7063 5048 5125 1510 8049 3193 6231 7984 3934 6215 8062 6489 5727 6605 3242 4646 5692 3999 6290 5084 5187 6502 4639 6552 952 5096 6728 4895 4631 3838 1094 7121 1422 5791 5067 267 4006 896 3069 7051 3227 6853 5044 7315 2437 2460 4111 5393 1143 8174 6320 4601 1017 6407 2961 6399 4037 5645 3773 9451 2262 4912 6286 5479 6782 5171 5495 2764 5647 1126 2946 4216 4901 9681 5117 7092 1179 4882 6400 6296 5405 8171 7291 5141 1509 6595 5367 3412 6093 7120 9709 1376 1451 2814 7296 8230 4131 6331 3112 3354 4948 8112 3830 5953 1091 1102 7078 7136 6220 1268 5599 5945 7099 4018 7256 1108 6989 6098 8246 5082 5769 9456 3291 5660 5590 4245 5609 8023 7151 2352 3225 6262 3064 6531 4700 4993 6570 4116 8186 1473 4636 3805 6521 5354 8228 1170 2434 6703 3230 6843 6178 3394 5972 2490 5317 3252 3958 6473 5627 6316 5566 3014 5835 5530 8134 7242 5548 6960 3095 1146 881 443 6348 4873 6256 5233 5610 9691 3209 6205 3063 6764 907 4688 7198 5851 5985 5365 7172 5480 885 5518 6638 1233 3038 1410 5952 7299 5670 958 1229 6273 3121 4666 7064 1362 6653 6175 3800 5161 829 3990 5339 8180 1484 2980 6866 5220 416 6713 5332 2982 2424 4178 2260 3774 5007 2360 5908 6965 6921 1430 6633 2967 5052 6043 1340 4738 3200 4804 4852 5377 5046 6558 5947 7128 4949 2962 5131 5051 8130 3293 2375 3941 5080 3917 5840 6114 3317 6876 5914 5805 6314 7137 8075 1490 8170 9674 6477 8243 5771 8094 6158 985 6868 4737 7154 3827 6731 6884 6499 6918 6309 3802 1156 897 3241 7173 7100 5462 3411 6386 5383 4204 6233 3784 6224 1125 1281 2388 2694 5689 5723 5517 3418 5229 6184 7011 7046 4069 1371 4776 6115 6959 5855 3955 2816 2934 6221 2421 4951 6435 4729 3903 4251 7587 4932 8003 3346 5574 1068 811 4750 9658 7123 5160 5553 4021 5675 4651 4233 5844 6573 4107 2410 7276 2766 4160 5671 2353 2998 7169 6835 7062 3246 6463 8028 4697 889 4992 6379 5528 5433 7210 1330 6019 3819 6955 4052 271 1995 6636 6909 5264 8227 5944 4176 3067 5294 3963 6903 6513 253 5698 1168 4049 5852 6944 2311 7257 5436 7224 3814 6664 3320 1352 1381 7158 2385 1052 5022 5293 6577 7579 6937 6330 3036 5426 4241 5325 995 5305 7195 7289 2404 4249 1128 5942 4663 1303 6617 5637 3194 8220 5152 1154 6394 7052 2739 5563 1439 1448 2483 6182 6593 6338 6828 5355 6657 5990 6154 5312 8090 4109 8139 6880 873 6188 6485 3058 6448 6189 8198 5562 984 6025 5421 6706 5062 3224 936 7992 3967 6389 6426 1332 3902 274 1147 5874 2936 6381 2714 5993 1184 862 9682 458 4685 2409 4214 5901 8043 5636 5221 2430 4120 4174 6975 2785 4642 6535 5337 472 5496 4058 5616 1073 8021 3258 3090 1336 5228 2492 5935 6038 4612 1299 5878 4304 1196 3856 3953 8192 3290 5785 1183 5906 2394 1119 1394 3408 1414 4874 5203 7157 5408 2389 6992 2443 6784 5856 839 5875 7139 3368 4134 4967 2819 5194 922 2397 3875 5932 3325 5584 3366 4934 4956 3791 6016 3142 3220 3004 5588 5746 2784 7093 1524 6655 4080 7026 5570 4269 6823 4172 2469 1344 3989 1393 1274 6649 892 6390 7076 6810 6916 5745 279 5212 1089 6901 3011 6084 828 6076 4201 4043 7269 6517 307 6788 7187 5977 6539 6516 1182 1075 6167 1210 2988 5217 6619 3880 5207 3223 3417 6648 5792 5126 6007 5802 4840 5336 6015 4791 3885 5704 2719 3873 1342 1216 4825 5439 4250 3794 8150 6131 6444 7219 5646 7322 826 1531 1101 5334 6434 9607 8011 1187 6563 4860 6720 4730 6449 880 6549 7131 3331 5848 5036 4215 7241 1423 5596 5516 5165 1413 1235 2996 1124 6933 6031 9617 816 6601 2310 6758 6267 5173 4790 6308 5733 4752 6522 4711 1390 3045 5108 4883 4844 4958 3835 6373 2997 6294 1505 6889 3389 8288 8238 3801 6459 3102 3021 6193 5185 5038 1291 6056 4236 8096 5066 3271 6941 6144 4206 6223 8068 5696 4703 6620 6695 8566 1424 6945 1377 6716 6334 3979 6249 8181 7278 6002 2383 2498 6678 5655 4686 1027 5970 5549 8022 4864 877 6765 6629 4026 6814 819 5435 3105 468 4980 1240 6551 4234 7982 4783 5732 8149 3797 6236 6890 9611 6509 3778 4244 5761 3995 1155 6050 5753 2810 6778 2412 1212 7047 5460 1392 7974 5513 4772 5936 3762 5107 1020 2467 1502 1368 3109 890 6414 4652 3434 9686 872 847 3765 4918 3305 5966 4890 6894 4161 3132 8032 2416 4734 930 8020 6103 1011 7041 1203 8025 6741 6831 4179 7148 5273 8016 5763 7228 1097 3235 5256 5009 3023 1181 1533 964 4879 2975 8153 2973 3932 9608 5858 5182 4267 5432 6877 4205 5826 436 1355 8204 6885 6490 6534 6780 4117 5074 6931 2987 5200 6756 4832 4995 4866 1110 3236 3041 5330 4868 2947 6825 3031 774 8295 1514 7189 2436 4223 4012 3203 4739 4957 6279 3804 5957 2696 2944 6795 4672 8634 184 6892 1425 6815 6207 5403 7003 8091 5786 7010 7153 3284 1273 4096 1375 4305 4974 6773 1010 5615 8051 4263 6150 4261 2930 2381 4927 1327 2733 832 6364 4795 4774 6818 5020 6447 7183 5845 3843 6010 4759 4048 960 5197 6104 6281 8006 6743 911 3234 3365 1103 4028 4272 5449 4884 5593 3966 2738 3828 3321 4758 6303 2351 6387 3104 5774 5169 8158 261 6550 3019 5296 6094 3956 856 6164 4920 5798 5565 4034 6879 2496 6439 5758 7188 5047 6833 6319 4859 7057 4889 3406 1202 7987 4712 3981 863 4123 3911 3423 6926 3909 6282 8124 7989 3994 5713 6545 4818 4855 5061 3336 5521 2737 8078 1022 7261 949 946 6052 6469 5320 2494 7273 4240 1343 3812 6411 5715 1489 5396 4633 5231 1360 988 3028 5370 7035 3088 6963 6340 5473 5174 959 5879 8103 5612 6826 4986 2378 6766 7086 3255 1049 5444 5614 7193 3971 3970 5177 4744 6500 2398 5021 3118 921 3388 8135 5807 3831 7089 3844 4237 5535 813 246 5649 5622 5831 1232 1412 5508 6465 3124 5345 1493 1145 9616 5514 2974 927 4104 2713 7091 5340 2734 843 932 2803 4632 6370 1314 2878 5701 3347 6326 3404 2403 991 5400 7232 4280 6581 6642 6794 2408 5031 4731 4897 5042 5693 5799 9675 3825 1464 4644 4917 6887 3780 5130 6754 3147 282 3803 466 5253 1305 6388 4647 6026 3954 983 950 5385 4785 6718 3370 2392 3319 5193 8196 6443 4609 3416 8289 6536 4817 6793 5178 7178 5973 1105 815 6181 5166 6632 1347 5916 9453 3131 1200 2422 3074 8015 8121 1477 5896 5904 2981 6952 6211 5961 4610 1142 5119 6358 263 7117 1195 2495 4767 4989 5522 7132 8120 4848 3384 6719 7072 6704 5912 3359 2929 4838 4113 948 6481 5219 4456 5422 823 4819 6983 6427 6936 3248 3915 3960 5951 6998 1067 3931 6590 1485 4654 3318 894 1098 1449 4212 3962 6228 289 3103 6125 5318 2731 3229 4732 8055 5204 6169 1046 3106 7180 5427 2768 5034 2407 8069 4779 2763 5721 3279 5994 6774 6789 4041 8160 5888 3148 8218 317 7983 3091 6321 5497 4959 6672 6768 4782 6935 5890 6307 1507 6697 2941 5183 5759 7006 1401 989 3943 5606 6714 4208 7986 2986 6643 6979 858 6194 1378 4602 3286 6216 5892 4854 3977 931 7185 4911 6994 7307 6232 7126 2445 4067 4970 3914 1403 7205 4710 6305 294 4054 3393 6507 5709 6540 5314 868 9606 7975 1442 6177 3853 5453 884 5817 1252 5281 1207 7066 5054 5644 4045 6369 1335 7103 5571 2940 1324 5602 6108 4153 7080 5145 8100 5576 6047 5201 2770 6217 6322 1476 1162 5899 4140 7018 4892 3044 5930 7122 5925 5079 2440 4701 6585 8131 3381 5240 1497 4157 1118 5657 2928 2697 5282 5757 4793 5587 3043 981 9457 315 3889 8039 1090 5678 4002 7251 5469 2261 4112 1438 1532 836 6214 6869 888 6255 5629 8076 1211 967 2405 4044 5033 7255 1028 6127 6067 7083 4826 3424 3051 9443 4607 6083 9612 5138 6660 5472 1496 5344 1018 8224 5503 5366 6681 2356 7135 6858 4936 4071 4270 6005 6802 1039 7071 4252 5779 5919 5956 1323 7294 269 6589 6569 5730 978 4007 441 4842 7233 4221 5463 4309 6413 1958 6302 6925 3083 311 2966 7166 7097 8012 5489 5101 3783 5828 6183 2767 6560 6288 1171 5157 6503 1391 7037 5205 5016 4923 3221 8033 5065 6761 5539 5677 6532 5767 4014 6792 6366 5900 5014 4248 6834 6195 5356 1351 280 2820 6829 6203 284 7978 1004 303 4100 980 7999 4659 7240 3413 4960 260 8225 6454 8201 2985 6487 1506 5167 7028 6452 4656 6675 1482 7027 7287 7260 1199 4863 6106 4046 6138 266 3001 1193 1297 6610 5691 6886 4099 1242 4720 3204 7110 3303 8191 6285 2369 4164 5202 1328 906 6934 5821 4781 5800 3857 1315 5241 7222 2802 8137 5090 6252 6461 6602 4812 3991 6062 6600 1500 7997 6580 1109 5635 4746 4695 3840 4010 4242 6237 4059 4809 7017 5006 4228 5943 5601 6416 5866 7298 5389 5750 7108 3872 5415 440 5035 1245 3387 999 3375 6993 7290 5734 1322 3403 3764 2880 6460 1044 4845 973 2382 6631 3327 6506 4082 3399 1136 1407 6347 5494 5703 2786 5617 3348 3379 3372 4152 2400 1084 2479 1285 3344 7870 4025 6284 6483 6652 6317 6786 5363 6658 4227 6041 8193 6673 3207 6253 4000 6564 5045 5486 3770 1120 4073 8173 4614 3080 4624 4769 5359 3296 5524 6133 9688 4258 3419 3882 8244 4872 3810 4891 7059 4087 3254 4628 4676 867 6354 8175 7081 2406 3243 4904 3422 1015 1265 3299 6626 6199 953 3034 7130 6702 3405 7596 3195 5012 2493 6057 1009 1289 7147 4900 6395 5431 5043 8118 3274 6924 6157 6586 1050 6942 5917 4765 5981 8240 6583 7167 5163 6456 6393 4754 6899 3899 5680 5482 6962 5313 3111 5536 5376 5135 6674 5058 3136 5897 6827 2976 3944 1461 3916 4301 4611 7311 5697 3086 1458 3992 8197 5399 6742 1386 3779 7980 1104 6579 7305 4721 2370 3360 3912 1180 3097 4755 5283 6163 6729 3295 4217 7293 2762 467 6226 5358 5865 6129 5162 1081 1503 3357 2266 452 5726 2432 4066 7098 6709 7146 3378 1404 5249 5454 8093 2384 2380 8013 1300 3315 5247 9663 4060 1511 7981 1151 5986 818 5643 5688 8102 3985 5537 6121 5556 5106 6095 966 1176 4259 7008 1398 6096 5026 3816 1019 2933 8018 3364 5568 1290 3139 5579 7118 3884 6213 6204 3006 7994 5656 850 1494 1288 5794 4675 3870 9438 2992 917 3048 5507 3965 8048 7144 841 6061 6078 2427 3054 2876 7124 6699 2977 1310 6318 898 8058 6746 7259 3198 6978 8037 3988 1455 6524 5520 1436 5418 7102 7014 7262 2885 3310 8179 9615 4962 4679 4727 2468 4260 3976 5392 3942 1238 5819 6120 4850 6990 852 1487 4101 6798 4083 5864 5295 3926 4256 7085 3145 6783 4916 6623 827 5853 5222 4660 5099 6800 6922 7119 2735 3052 4621 6029 3311 3030 4211 5151 5687 860 2318 1320 5190 4987 4130 5000 5088 2801 6405 6576 6893 2442 3081 1282 6268 7150 3322 1379 6666 6548 3440 6848 5468 6208 3098 257 4728 5257 4690 6896 6987 5710 4669 5111 775 5740 461 8232 6844 3208 6468 6736 3073 8146 5808 7265 4640 3795 1480 3075 6514 4766 912 4836 5941 2476 4921 6950 7197 3218 5254 5050 5209 2804 298 6900 5109 6634 6123 1003 6883 5234 5742 6755 6254 7323 4706 7993 7253 3292 5285 5327 5859 7042 5639 4831 1227 8001 6966 4110 3328 4780 7024 6350 3276 8222 3345 8168 4733 5980 8147 1226 6546 1177 3127 5871 5863 4655 6086 8185 5597 824 5027 4973 6342 8031 6913 8195 986 7215 5883 4741 6612 853 5777 6556 6710 4748 1445 3890 5289 1034 3811 5120 2943 5144 3984 8200 7301 4050 6328 6336 3238 5663 5754 6053 5001 5483 6806 1280 305 5673 6486 4753 6298 1029 5039 6287 8027 6495 4843 7016 8226 3065 5580 5386 6821 945 4097 5055 3391 1457 6259 6275 6155 5640 7044 8136 6111 6099 5199 8105 4857 5342 4645 6190 6597 300 3144 6263 5132 6457 9659 3772 5512 8190 4794 4875 6186 4004 7223 4885 1174 3851 6351 5976 296 899 5243 1225 4637 3998 399 5544 9622 8123 6191 1167 277 3239 4618 5070 6841 7000 1304 6803 974 6145 3776 2366 8067 3009 5371 7164 6745 4392 6380 5246 4226 4089 8077 957 940 6227 6003 5224 1363 5630 4898 1083 5654 4277 3897 5060 2464 5969 5346 8072 4983 3401 3855 1529 7324 5384 3300 254 4302 1248 1131 6089 293 6230 2441 7133 6859 8014 6420 1478 4862 7096 4953 314 5711 5540 3066 8064 4016 5063 4255 7134 2480 3972 4494 4735 5776 5303 3113 8119 5262 6501 3351 6919 6686 2377 6372 4024 3787 7275 4156 2989 5308 8114 2949 5684 3072 3125 4997 6871 6040 6671 6971 5089 6805 2316 6856 3878 5189 1388 5716 4961 5631 3435 5447 3904 4853 3952 3216 4682 6801 4830 3799 7300 5244 5056 6198 7320 7208 7203 3150 5004 6488 1113 2807 3949 1444 6402 833 4975 1472 4807 5621 5235 2401 810 3093 453 3261 2446 3433 5756 6180 9450 891 251 5603 8172 5424 2439 6187 6528 2438 4106 5891 7013 1088 3060 3961 1209 6162 7038 3002 8239 6737 5008 4800 6650 5958 6639 6561 4919 7272 6097 1466 6930 3436 3332 7075 7032 3259 5349 5134 6757 6796 7202 6651 845 8176 5652 5983 3893 4604 4668 5846 5564 4638 1186 3340 3771 6212 8052 4070 2972 7279 2812 6515 5115 3900 4871 5382 1501 1308 5729 2431 4894 6421 6433 6809 2931 5248 5502 5581 1069 5049 6804 4902 2499 3126 5913 5452 5103 6920 6436 5793 6335 4677 5572 6291 3438 3940 4229 3859 5510 6135 5937 6192 4702 8352 3026 1429 6357 5623 6299 9687 3355 6712 1215 5395 934 2415 2428 6582 5555 310 6587 1488 4725 5500 9448 6376 6152 455 7191 4982 4786 5467 2423 252 7308 3280 6248 3247 4893 2783 1468 8152 4984 4129 2263 8053 3769 4222 1431 5634 6392 5488 3430 8097 3385 3921 6656 6474 5633 4124 4088 3426 6378 6999 6137 4455 7200 993 1526 3923 6701 8060 1220 5685 5076 1329 4253 4582 5820 7971 6511 1359 6258 7583 5481 6085 1491 7581 4009 5470 5300 924 5811 3919 2395 6733 457 5870 8092 6635 6854 5833 3908 6011 837 7171 1012 6278 2978 5250 3245 8050 7274 8183 1062 4128 5284 5493 3107 6197 4764 6422 5669 6846 7221 1338 1256 6529 3913 3078 8008 870 1158 5416 5950 7998 6179 944 3263 5717 2718 972 956 250 7236 4978 3071 3007 6419 7209 937 5113 5996 939 6009 6732 5949 9665 1086 6280 6332 4098 8007 3250 6139 5268 6816 3842 6081 2417 4122 7111 7288 996 5659 6196 4829 4914 3191 5124 6088 6750 6430 5378 3982 8156 6862 6124 6791 8009 4020 3313 2264 7129 943 3222 6690 3939 4017 5368 1428 5523 275 7582 7184 1111 9218 5446 982 6840 1032 820 3206 5815 1354 299 5310 6257 8194 4605 6147 2990 7077 6295 3959 1319 8098 3092 3427 6735 5425 3012 3133 5121 5341 6396 3901 4068 3860 278 5718 418 4665 6006 1080 2969 1333 7177 5003 7034 4849 1370 6337 3886 6621 1135 6156 5569 8247 4055 5086 7976 5476 6568 6251 670 5091 6173 6640 7196 4965 855 4756 5731 7114 5813 6609 5506 6464 3993 6667 1144 4856 7145 3996 5705 6663 5997 1254 4616 6730 4103 3767 1218 6491 1008 4276 5780 7254 5683 5880 3219 5814 6923 8126 844 8229 3149 6759 1325 6065 5836 5388 1072 5736 5150 7021 4952 2386 8040 6245 6310 5887 8143 5315 5413 5085 8236 4625 5428 5434 7141 2267 8161 3865 6333 4693 8187 5180 1251 6557 3938 6874 4907 6860 6046 3094 6624 5347 2999 1197 4803 1479 5608 933 5809 7105 5485 923 997 1139 5501 3334 3016 5531 4768 979 4773 5838 4908 6662 7264 5547 4789 809 1123 6588 947 5825 6659 1519 6973 5741 3341 3895 4778 248 6412 6054 2391 6201 3008 3015 7174 1437 6172 4079 5722 7304 6462 6306 4814 1345 3013 6628 2925 2698 1217 6475 918 4626 5695 7043 6415 3049 6438 6168 7217 5475 3820 3852 5982 1148 6210 3881 4307 6976 6218 5245 5414 8151 1031 454 4033 4749 5686 8042 6482 6143 1099 5192 6264 2789 5818 2790 6496 398 4158 1353 5137 5094 6142 7101 3431 444 4704 7313 4940 4743 5898 1169 4687 256 780 6907 5843 4183 1269 5573 6525 6440 1415 5812 4121 5959 3356 3115 909 4935 3983 6060 8024 4801 5459 6022 6058 2695 290 1045 3215 247 6018 1460 4913 1326 4613 8219 4847 7280 3871 6929 1021 5002 5594 1082 6870 4858 4824 6244 2497 4715 3027 1100 1159 4971 1130 1372 1222 4933 3883 3933 6128 6219 7541 4127 3410 3920 5867 301 6694 1508 3301 3304 308 4086 4867 4929 4203 7107 4232 2939 5179 5216 1374 3950 7306 1395 7005 5251 8217 6077 6445 5309 5238 1040 5159 4119 3906 6033 6967 6537 2485 7002 6472 3363 5511 5087 6775 5988 7001 5438 3986 4306 3809 6753 4274 3217 876 3373 6543 5206 288 7020 929 883 5104 6165 5139 4851 5147 6541 6325 1191 5380 5387 5198 5266 2942 6575 6530 6538 3267 8044 6748 6542 475 4903 5504 3823 4839 8216 4816 4118 6700 4910 6512 5263 1346 6867 6951 5423 6327 2691 5893 3925 5195 5847 1042 8148 1249 8095 6855 5559 7175 8061 5176 4909 1161 1001 4310 5445 8074 916 5420 5928 6864 6023 5168 420 817 5118 6343 8065 2884 6865 7284 5230 3980 6578 6567 3415 7211 5041 5526 7168 5437 6000 4713 7234 7585 6329 4880 5747 5823 6107 4662 1173 1278 7218 6734 1481 9440 3382 5360 8070 7225 2965 3211 5071 6028 6946 6391 4278 6030 437 2390 6872 6082 6073 4268 5620 3383 5541 3298 5595 469 6044 1141 7045 309 6382 8115 5968 8063 4138 7314 2692 1201 1337 7162 3289 5490 2815 2716 1117 4125 6533 1267 6772 5755 5098 3017 3137 6090 1221 5148 6527 5551 6360 5100 6034 6562 3815 5005 1311 4757 6408 6905 5575 5372 2319 3396 6455 6912 5279 6148 5278 4039 1064 4696 7207 3055 6428 8056 7054 4799 1007 5338 4036 6723 1023 6574 5242 4877 3342 3898 3269 3866 3369 6943 9620 6622 3213 5402 5582 5546 5543 6242 5992 5613 7996 5343 3302 5057 3349 2938 3256 7029 3253 3226 5288 1361 6910 5804 6174 5406 6092 3400 4678 6345 6132 821 2484 866 7194 5773 3047 3964 1133 7973 6977 442 4081 5464 255 6687 6711 5700 1426 6646 951 3249 6361 6898 6300 3333 1178 5765 5226 1239 6272 5918 2402 3437 5023 2765 5412 5218 287 6246 8005 1421 3324 5934 5752 6669 4173 4648 4963 5357 9683 4994 6265 4689 3337 7220 1286 297 3100 6355 1419 1253 6882 8038 6747 6668 4723 6466 3922 5290 6838 6225 6721 3973 5213 3845 4038 4136 7033 422 2482 4896 5227 5931 5474 5824 2693 6914 6988 423 4084 4705 3089 5158 2715 1441 5529 1047 4162 8296 2444 6276 7214 5077 5607 9689 4828 7249 5270 1213 6565 2463 7227 6126 4792 4726 3927 2355 5719 5984 3836 1224 1341 905 6159 7012 6404 4888 4667 1495 6767 2481 8101 8221 4977 1219 976 6566 6744 5806 4865 4805 7095 2711 2350 8019 5604 4742 4247 2435 4798 6377 4691 4787 9447 473 5909 3000 1465 954 5751 4972 9487 5112 2477 6555 6895 1416 8017 5857 1063 7190 5252 6661 6974 5304 5375 5040 3353 9676 814 4047 3793 4275 5348 7007 3854 2358 4015 2964 3839 4057 6847 7087 822 1279 4534 6270 3850 5515 7067 1452 5369 4815 5013 5409 4062 5274 6519 5478 4835 1087 4230 4709 7115 4954 6985 2921 2875 6450 1188 8169 6014 1389 4115 6239 4243 5110 4266 3282 5128 5322 5465 264 3117 5964 6980 5720 3858 6176 3429 5651 6055 919 7292 788 4964 1955 8231 2811 1446 4231 6878 7282 6424 7363 5772 2465 7252 3766 6722 2368 3077 5239 421 7039 4823 6344 5306 7019 6222 6313 7138 6064 6339 3275 425 6110 7053 6917 5542 6647 7990 3361 4680 6689 5788 1357 3841 1358 5664 6641 5319 7584 3829 5782 9442 3232 5653 5114 6102 4670 1153 5457 910 3035 3789 8188 3270 419 4811 7212 1283 2983 1399 2787 6839 8162 3233 5902 6071 6813 4094 5255 439 5860 1385 8104 5398 5210 6160 5397 5795 6470 2879 1152 5491 7031 5744 4105 1190 5658 5963 6406 5450 7270 5072 5011 6604 2968 5181 8234 4810 5129 5073 4093 4657 908 5215 6948 2991 3123 1301 961 5618 3010 3134 7022 3397 1246 5850 3068 1530 7244 5834 6304 903 8199 1432 6594 6101 3061 5728 5029 2429 6940 5762 4001 6608 8046 7159 6429 6645 1380 6891 6289 5554 2937 1025 6996 8122 6349 6170 1499 3928 5830 6277 1454 4619 1469 3288 4265 1051 8034 994 6151 5353 1293 5849 4090 6938 4684 1331 6615 4943 5921 4180 1247 1236 5259 2399 1400 1384 5410 6738 7149 3231 6970 2945 3929 8233
	}
}
oceania = { # Oblivion
	provinces = {
		4193 1986 2722 2753 2754 3182 2846 2836 2799 2726 4314 4197 2744 2831 2746 4076 3165 8262 2741 8248 2912 2952 8271 3863 8214 2792 2822 2705 2914 2748 8251 2951 8250 2702 2869 3162 2797 4284 2858 2918 2904 2747 2827 2821 8259 8256 2838 4186 3189 4287 2835 2907 2897 2906 2910 3174 4077 4325 4141 2832 2757 1999 8260 2798 4189 2777 2860 3178 3161 2778 2841 2839 8252 4288 2730 2895 3183 4320 3891 2920 8254 4282 3176 401 2824 2710 2913 2830 1994 4154 2960 2772 4318 2843 2970 3177 2892 2751 8257 2888 2954 2725 2865 3864 2849 2848 3160 3172 2899 2903 8266 2862 2723 3167 8210 2728 8215 2868 4065 4316 2742 4285 2791 2956 2709 2957 2857 2759 2724 2729 2721 4353 2774 3164 2845 8209 8270 4194 2915 3180 3768 8255 3173 2779 2870 3168 404 2861 2758 2916 2867 2953 4283 2889 3163 397 8213 2859 2775 8264 2917 2825 2908 8258 8265 9662 4312 4281 2795 4344 2678 2959 4319 4327 3171 2919 2701 2866 3879 2760 4151 4143 2707 2752 2909 3877 2755 2901 2896 2911 3188 8263 2677 4298 3763 2840 3184 2851 2955 2703 4330 2863 2837 2823 3186 2676 2826 2893 2890 3185 4291 2833 3179 8212 2829 2856 2864 2828 8253 3166 4290 2847 2727 4311 2853 4317 2756 2855 2773 4315 2796 4075 8261 8249 3181 8268 4200 3170 2706 2708 2780 4295 2745 2743 2776 8267 3187 2834 2854 2898 2704 2749 4342 2750 2771 3190 2850 8269 4171 4313 2800 2844 2958 2905 3169 4337 3175 2794 2902 2891 8211
	}
}
